right_pupil, 1474133124435, 0, 0, 0, 0, 0, 0, 0, 0, 0, 0

right_pupil, 1474133124598, 0, 0, 0, 0, 0, 0, 0, 0, 0, 0

right_pupil, 1474133124731, 0, 0, 0, 0, 0, 0, 0, 0, 0, 0

right_pupil, 1474133124919, 0, 0, 0, 0, 0, 0, 0, 0, 0, 0

right_pupil, 1474133125113, 0, 0, 0, 0, 0, 0, 0, 0, 0, 0

right_pupil, 1474133125338, 0, 0, 0, 0, 0, 0, 0, 0, 0, 0

right_pupil, 1474133125597, 0, 0, 0, 0, 0, 0, 0, 0, 0, 0

right_pupil, 1474133125805, 0, 0, 0, 0, 0, 0, 0, 0, 0, 0

right_pupil, 1474133125985, 0, 0, 0, 0, 0, 0, 0, 0, 0, 0

right_pupil, 1474133126160, 0, 0, 0, 0, 0, 0, 0, 0, 0, 0

right_pupil, 1474133126355, 0, 0, 0, 0, 0, 0, 0, 0, 0, 0

right_pupil, 1474133126570, 0, 0, 0, 0, 0, 0, 0, 0, 0, 0

right_pupil, 1474133126919, 0, 0, 0, 0, 0, 0, 0, 0, 0, 0

right_pupil, 1474133127259, 7, 12, 1, 2, 0, 3, 226.333, 10, 0, 217.2

right_pupil, 1474133127789, 9, 11, 1, 4, 2, 1, 170.333, 26, 20, 173.217

right_pupil, 1474133128074, 7, 5, 2, 3, 8, 3, 146.091, 10, 8, 140.611

right_pupil, 1474133128293, 13, 5, 1, 4, 1, 2, 189, 28, 18, 175.935

right_pupil, 1474133128498, 7, 5, 1, 4, 0, 3, 247.667, 32, 14, 187.435

right_pupil, 1474133128741, 14, 5, 3, 6, 21, 6, 115.889, 49, 36, 168.812

right_pupil, 1474133128958, 12, 5, 3, 6, 23, 4, 89.1481, 38, 47, 141.635

right_pupil, 1474133129252, 19, 15, 3, 5, 24, 3, 93.3704, 24, 30, 168.611

right_pupil, 1474133129514, 10, 5, 2, 6, 8, 3, 130.818, 46, 55, 144.089

right_pupil, 1474133129654, 0, 0, 0, 0, 0, 0, 0, 0, 0, 0

right_pupil, 1474133129827, 0, 0, 0, 0, 0, 0, 0, 0, 0, 0

right_pupil, 1474133129982, 0, 0, 0, 0, 0, 0, 0, 0, 0, 0

right_pupil, 1474133130141, 0, 0, 0, 0, 0, 0, 0, 0, 0, 0

right_pupil, 1474133130305, 0, 0, 0, 0, 0, 0, 0, 0, 0, 0

right_pupil, 1474133133236, 0, 0, 0, 0, 0, 0, 0, 0, 0, 0

right_pupil, 1474133133367, 0, 0, 0, 0, 0, 0, 0, 0, 0, 0

right_pupil, 1474133133520, 0, 0, 0, 0, 0, 0, 0, 0, 0, 0

right_pupil, 1474133133660, 0, 0, 0, 0, 0, 0, 0, 0, 0, 0

right_pupil, 1474133133841, 0, 0, 0, 0, 0, 0, 0, 0, 0, 0

right_pupil, 1474133134003, 0, 0, 0, 0, 0, 0, 0, 0, 0, 0

right_pupil, 1474133134157, 0, 0, 0, 0, 0, 0, 0, 0, 0, 0

right_pupil, 1474133134315, 0, 0, 0, 0, 0, 0, 0, 0, 0, 0

right_pupil, 1474133134495, 0, 0, 0, 0, 0, 0, 0, 0, 0, 0

right_pupil, 1474133134673, 0, 0, 0, 0, 0, 0, 0, 0, 0, 0

right_pupil, 1474133134843, 0, 0, 0, 0, 0, 0, 0, 0, 0, 0

right_pupil, 1474133135000, 0, 0, 0, 0, 0, 0, 0, 0, 0, 0

right_pupil, 1474133135169, 0, 0, 0, 0, 0, 0, 0, 0, 0, 0

right_pupil, 1474133135336, 0, 0, 0, 0, 0, 0, 0, 0, 0, 0

right_pupil, 1474133135499, 0, 0, 0, 0, 0, 0, 0, 0, 0, 0

right_pupil, 1474133135670, 0, 0, 0, 0, 0, 0, 0, 0, 0, 0

right_pupil, 1474133140771, 0, 0, 0, 0, 0, 0, 0, 0, 0, 0

right_pupil, 1474133141286, 0, 0, 0, 0, 0, 0, 0, 0, 0, 0

right_pupil, 1474133141430, 0, 0, 0, 0, 0, 0, 0, 0, 0, 0

right_pupil, 1474133141663, 0, 0, 0, 0, 0, 0, 0, 0, 0, 0

right_pupil, 1474133141855, 0, 0, 0, 0, 0, 0, 0, 0, 0, 0

right_pupil, 1474133142036, 0, 0, 0, 0, 0, 0, 0, 0, 0, 0

right_pupil, 1474133142203, 0, 0, 0, 0, 0, 0, 0, 0, 0, 0

right_pupil, 1474133142482, 19, 5, 4, 6, 40, 7, 107.255, 25, 40, 136.985

right_pupil, 1474133142718, 15, 7, 1, 2, 0, 3, 226.333, 6, 4, 186.1

right_pupil, 1474133142944, 5, 10, 1, 2, 0, 3, 206, 7, 3, 183

right_pupil, 1474133143181, 7, 5, 1, 3, 0, 3, 250.667, 19, 7, 203.154

right_pupil, 1474133143421, 7, 11, 1, 3, 0, 3, 210.667, 20, 6, 192.192

right_pupil, 1474133143705, 11, 8, 3, 7, 25, 2, 99.7407, 66, 56, 165.705

right_pupil, 1474133143983, 16, 6, 5, 9, 69, 10, 87.5316, 77, 84, 162.025

right_pupil, 1474133144284, 18, 14, 1, 2, 0, 3, 222.667, 8, 2, 204.9

right_pupil, 1474133144545, 5, 7, 4, 4, 44, 3, 92.9362, 2, 0, 201.5

right_pupil, 1474133144869, 17, 13, 3, 5, 22, 5, 148.556, 33, 21, 184.722

right_pupil, 1474133145184, 19, 19, 2, 3, 11, 0, 46.3636, 7, 11, 128.222

right_pupil, 1474133145413, 0, 0, 0, 0, 0, 0, 0, 0, 0, 0

right_pupil, 1474133145548, 0, 0, 0, 0, 0, 0, 0, 0, 0, 0

right_pupil, 1474133145719, 0, 0, 0, 0, 0, 0, 0, 0, 0, 0

right_pupil, 1474133145862, 0, 0, 0, 0, 0, 0, 0, 0, 0, 0

right_pupil, 1474133146016, 0, 0, 0, 0, 0, 0, 0, 0, 0, 0

right_pupil, 1474133146178, 0, 0, 0, 0, 0, 0, 0, 0, 0, 0

right_pupil, 1474133146343, 0, 0, 0, 0, 0, 0, 0, 0, 0, 0

right_pupil, 1474133146517, 0, 0, 0, 0, 0, 0, 0, 0, 0, 0

right_pupil, 1474133146723, 0, 0, 0, 0, 0, 0, 0, 0, 0, 0

right_pupil, 1474133146872, 0, 0, 0, 0, 0, 0, 0, 0, 0, 0

right_pupil, 1474133147058, 0, 0, 0, 0, 0, 0, 0, 0, 0, 0

right_pupil, 1474133147218, 0, 0, 0, 0, 0, 0, 0, 0, 0, 0

right_pupil, 1474133147385, 0, 0, 0, 0, 0, 0, 0, 0, 0, 0

right_pupil, 1474133147567, 0, 0, 0, 0, 0, 0, 0, 0, 0, 0

right_pupil, 1474133147803, 18, 16, 3, 6, 23, 4, 93.9259, 41, 45, 157.326

right_pupil, 1474133148014, 17, 14, 4, 6, 38, 9, 111.532, 36, 30, 161.606

right_pupil, 1474133148125, 0, 0, 0, 0, 0, 0, 0, 0, 0, 0

right_pupil, 1474133148282, 0, 0, 0, 0, 0, 0, 0, 0, 0, 0

right_pupil, 1474133148537, 0, 0, 0, 0, 0, 0, 0, 0, 0, 0

right_pupil, 1474133148756, 0, 0, 0, 0, 0, 0, 0, 0, 0, 0

right_pupil, 1474133149132, 0, 0, 0, 0, 0, 0, 0, 0, 0, 0

right_pupil, 1474133149439, 0, 0, 0, 0, 0, 0, 0, 0, 0, 0

right_pupil, 1474133149709, 0, 0, 0, 0, 0, 0, 0, 0, 0, 0

right_pupil, 1474133150225, 0, 0, 0, 0, 0, 0, 0, 0, 0, 0

right_pupil, 1474133150492, 0, 0, 0, 0, 0, 0, 0, 0, 0, 0

right_pupil, 1474133150649, 0, 0, 0, 0, 0, 0, 0, 0, 0, 0

right_pupil, 1474133151006, 0, 0, 0, 0, 0, 0, 0, 0, 0, 0

right_pupil, 1474133151160, 0, 0, 0, 0, 0, 0, 0, 0, 0, 0

right_pupil, 1474133151321, 0, 0, 0, 0, 0, 0, 0, 0, 0, 0

right_pupil, 1474133151602, 15, 14, 3, 5, 26, 1, 79.2963, 24, 30, 149.907

right_pupil, 1474133448937, 0, 0, 0, 0, 0, 0, 0, 0, 0, 0

right_pupil, 1474133449226, 0, 0, 0, 0, 0, 0, 0, 0, 0, 0

right_pupil, 1474133449408, 0, 0, 0, 0, 0, 0, 0, 0, 0, 0

right_pupil, 1474133449565, 0, 0, 0, 0, 0, 0, 0, 0, 0, 0

right_pupil, 1474133449726, 0, 0, 0, 0, 0, 0, 0, 0, 0, 0

right_pupil, 1474133449916, 0, 0, 0, 0, 0, 0, 0, 0, 0, 0

right_pupil, 1474133450157, 0, 0, 0, 0, 0, 0, 0, 0, 0, 0

right_pupil, 1474133450345, 0, 0, 0, 0, 0, 0, 0, 0, 0, 0

right_pupil, 1474133450511, 0, 0, 0, 0, 0, 0, 0, 0, 0, 0

right_pupil, 1474133450693, 0, 0, 0, 0, 0, 0, 0, 0, 0, 0

right_pupil, 1474133450833, 0, 0, 0, 0, 0, 0, 0, 0, 0, 0

right_pupil, 1474133451120, 0, 0, 0, 0, 0, 0, 0, 0, 0, 0

right_pupil, 1474133451287, 0, 0, 0, 0, 0, 0, 0, 0, 0, 0

right_pupil, 1474133451454, 0, 0, 0, 0, 0, 0, 0, 0, 0, 0

right_pupil, 1474133451599, 0, 0, 0, 0, 0, 0, 0, 0, 0, 0

right_pupil, 1474133451781, 0, 0, 0, 0, 0, 0, 0, 0, 0, 0

right_pupil, 1474133451951, 0, 0, 0, 0, 0, 0, 0, 0, 0, 0

right_pupil, 1474133452253, 0, 0, 0, 0, 0, 0, 0, 0, 0, 0

right_pupil, 1474133452497, 0, 0, 0, 0, 0, 0, 0, 0, 0, 0

right_pupil, 1474133452729, 0, 0, 0, 0, 0, 0, 0, 0, 0, 0

right_pupil, 1474133452985, 0, 0, 0, 0, 0, 0, 0, 0, 0, 0

right_pupil, 1474133453122, 0, 0, 0, 0, 0, 0, 0, 0, 0, 0

right_pupil, 1474133453319, 0, 0, 0, 0, 0, 0, 0, 0, 0, 0

right_pupil, 1474133453470, 0, 0, 0, 0, 0, 0, 0, 0, 0, 0

right_pupil, 1474133453642, 0, 0, 0, 0, 0, 0, 0, 0, 0, 0

right_pupil, 1474133453838, 0, 0, 0, 0, 0, 0, 0, 0, 0, 0

right_pupil, 1474133454082, 0, 0, 0, 0, 0, 0, 0, 0, 0, 0

right_pupil, 1474133454248, 0, 0, 0, 0, 0, 0, 0, 0, 0, 0

right_pupil, 1474133454410, 0, 0, 0, 0, 0, 0, 0, 0, 0, 0

right_pupil, 1474133454605, 0, 0, 0, 0, 0, 0, 0, 0, 0, 0

right_pupil, 1474133454790, 0, 0, 0, 0, 0, 0, 0, 0, 0, 0

right_pupil, 1474133454973, 0, 0, 0, 0, 0, 0, 0, 0, 0, 0

right_pupil, 1474133455146, 0, 0, 0, 0, 0, 0, 0, 0, 0, 0

right_pupil, 1474133455300, 0, 0, 0, 0, 0, 0, 0, 0, 0, 0

right_pupil, 1474133455483, 0, 0, 0, 0, 0, 0, 0, 0, 0, 0

right_pupil, 1474133455642, 0, 0, 0, 0, 0, 0, 0, 0, 0, 0

right_pupil, 1474133455832, 0, 0, 0, 0, 0, 0, 0, 0, 0, 0

right_pupil, 1474133455992, 0, 0, 0, 0, 0, 0, 0, 0, 0, 0

right_pupil, 1474133456148, 0, 0, 0, 0, 0, 0, 0, 0, 0, 0

right_pupil, 1474133456322, 0, 0, 0, 0, 0, 0, 0, 0, 0, 0

right_pupil, 1474133456501, 0, 0, 0, 0, 0, 0, 0, 0, 0, 0

right_pupil, 1474133456654, 0, 0, 0, 0, 0, 0, 0, 0, 0, 0

right_pupil, 1474133456826, 0, 0, 0, 0, 0, 0, 0, 0, 0, 0

right_pupil, 1474133457006, 0, 0, 0, 0, 0, 0, 0, 0, 0, 0

right_pupil, 1474133457179, 0, 0, 0, 0, 0, 0, 0, 0, 0, 0

right_pupil, 1474133457309, 0, 0, 0, 0, 0, 0, 0, 0, 0, 0

right_pupil, 1474133457448, 0, 0, 0, 0, 0, 0, 0, 0, 0, 0

right_pupil, 1474133457597, 0, 0, 0, 0, 0, 0, 0, 0, 0, 0

right_pupil, 1474133457748, 0, 0, 0, 0, 0, 0, 0, 0, 0, 0

right_pupil, 1474133457917, 0, 0, 0, 0, 0, 0, 0, 0, 0, 0

right_pupil, 1474133458083, 0, 0, 0, 0, 0, 0, 0, 0, 0, 0

right_pupil, 1474133458220, 0, 0, 0, 0, 0, 0, 0, 0, 0, 0

right_pupil, 1474133458407, 0, 0, 0, 0, 0, 0, 0, 0, 0, 0

right_pupil, 1474133458575, 0, 0, 0, 0, 0, 0, 0, 0, 0, 0

right_pupil, 1474133458743, 0, 0, 0, 0, 0, 0, 0, 0, 0, 0

right_pupil, 1474133458911, 0, 0, 0, 0, 0, 0, 0, 0, 0, 0

right_pupil, 1474133459124, 0, 0, 0, 0, 0, 0, 0, 0, 0, 0

right_pupil, 1474133459314, 0, 0, 0, 0, 0, 0, 0, 0, 0, 0

right_pupil, 1474133459516, 0, 0, 0, 0, 0, 0, 0, 0, 0, 0

right_pupil, 1474133459704, 0, 0, 0, 0, 0, 0, 0, 0, 0, 0

right_pupil, 1474133459883, 0, 0, 0, 0, 0, 0, 0, 0, 0, 0

right_pupil, 1474133460072, 0, 0, 0, 0, 0, 0, 0, 0, 0, 0

right_pupil, 1474133460256, 0, 0, 0, 0, 0, 0, 0, 0, 0, 0

right_pupil, 1474133460409, 0, 0, 0, 0, 0, 0, 0, 0, 0, 0

right_pupil, 1474133460559, 0, 0, 0, 0, 0, 0, 0, 0, 0, 0

right_pupil, 1474133460841, 0, 0, 0, 0, 0, 0, 0, 0, 0, 0

right_pupil, 1474133461018, 0, 0, 0, 0, 0, 0, 0, 0, 0, 0

right_pupil, 1474133461187, 0, 0, 0, 0, 0, 0, 0, 0, 0, 0

right_pupil, 1474133461358, 0, 0, 0, 0, 0, 0, 0, 0, 0, 0

right_pupil, 1474133461509, 0, 0, 0, 0, 0, 0, 0, 0, 0, 0

right_pupil, 1474133461735, 0, 0, 0, 0, 0, 0, 0, 0, 0, 0

right_pupil, 1474133461859, 0, 0, 0, 0, 0, 0, 0, 0, 0, 0

right_pupil, 1474133462027, 0, 0, 0, 0, 0, 0, 0, 0, 0, 0

right_pupil, 1474133462197, 0, 0, 0, 0, 0, 0, 0, 0, 0, 0

right_pupil, 1474133462352, 0, 0, 0, 0, 0, 0, 0, 0, 0, 0

right_pupil, 1474133462513, 0, 0, 0, 0, 0, 0, 0, 0, 0, 0

right_pupil, 1474133462641, 0, 0, 0, 0, 0, 0, 0, 0, 0, 0

right_pupil, 1474133462786, 0, 0, 0, 0, 0, 0, 0, 0, 0, 0

right_pupil, 1474133462945, 0, 0, 0, 0, 0, 0, 0, 0, 0, 0

right_pupil, 1474133463114, 0, 0, 0, 0, 0, 0, 0, 0, 0, 0

right_pupil, 1474133463252, 0, 0, 0, 0, 0, 0, 0, 0, 0, 0

right_pupil, 1474133463410, 0, 0, 0, 0, 0, 0, 0, 0, 0, 0

right_pupil, 1474133463581, 0, 0, 0, 0, 0, 0, 0, 0, 0, 0

right_pupil, 1474133463710, 0, 0, 0, 0, 0, 0, 0, 0, 0, 0

right_pupil, 1474133463864, 0, 0, 0, 0, 0, 0, 0, 0, 0, 0

right_pupil, 1474133464053, 0, 0, 0, 0, 0, 0, 0, 0, 0, 0

right_pupil, 1474133464228, 0, 0, 0, 0, 0, 0, 0, 0, 0, 0

right_pupil, 1474133464426, 0, 0, 0, 0, 0, 0, 0, 0, 0, 0

right_pupil, 1474133464551, 0, 0, 0, 0, 0, 0, 0, 0, 0, 0

right_pupil, 1474133464701, 0, 0, 0, 0, 0, 0, 0, 0, 0, 0

right_pupil, 1474133464855, 0, 0, 0, 0, 0, 0, 0, 0, 0, 0

right_pupil, 1474133465001, 0, 0, 0, 0, 0, 0, 0, 0, 0, 0

right_pupil, 1474133465145, 0, 0, 0, 0, 0, 0, 0, 0, 0, 0

right_pupil, 1474133465292, 0, 0, 0, 0, 0, 0, 0, 0, 0, 0

right_pupil, 1474133465477, 0, 0, 0, 0, 0, 0, 0, 0, 0, 0

right_pupil, 1474133465638, 0, 0, 0, 0, 0, 0, 0, 0, 0, 0

right_pupil, 1474133465959, 0, 0, 0, 0, 0, 0, 0, 0, 0, 0

right_pupil, 1474133466173, 0, 0, 0, 0, 0, 0, 0, 0, 0, 0

right_pupil, 1474133466439, 0, 0, 0, 0, 0, 0, 0, 0, 0, 0

right_pupil, 1474133466702, 0, 0, 0, 0, 0, 0, 0, 0, 0, 0

right_pupil, 1474133466956, 0, 0, 0, 0, 0, 0, 0, 0, 0, 0

right_pupil, 1474133467196, 0, 0, 0, 0, 0, 0, 0, 0, 0, 0

right_pupil, 1474133467424, 0, 0, 0, 0, 0, 0, 0, 0, 0, 0

right_pupil, 1474133467642, 0, 0, 0, 0, 0, 0, 0, 0, 0, 0

right_pupil, 1474133467774, 0, 0, 0, 0, 0, 0, 0, 0, 0, 0

right_pupil, 1474133467936, 0, 0, 0, 0, 0, 0, 0, 0, 0, 0

right_pupil, 1474133468073, 0, 0, 0, 0, 0, 0, 0, 0, 0, 0

right_pupil, 1474133468213, 0, 0, 0, 0, 0, 0, 0, 0, 0, 0

right_pupil, 1474133468367, 0, 0, 0, 0, 0, 0, 0, 0, 0, 0

right_pupil, 1474133468511, 0, 0, 0, 0, 0, 0, 0, 0, 0, 0

right_pupil, 1474133468650, 0, 0, 0, 0, 0, 0, 0, 0, 0, 0

right_pupil, 1474133468818, 0, 0, 0, 0, 0, 0, 0, 0, 0, 0

right_pupil, 1474133468964, 0, 0, 0, 0, 0, 0, 0, 0, 0, 0

right_pupil, 1474133469258, 0, 0, 0, 0, 0, 0, 0, 0, 0, 0

right_pupil, 1474133469424, 0, 0, 0, 0, 0, 0, 0, 0, 0, 0

right_pupil, 1474133469615, 0, 0, 0, 0, 0, 0, 0, 0, 0, 0

right_pupil, 1474133471427, 0, 0, 0, 0, 0, 0, 0, 0, 0, 0

right_pupil, 1474133471563, 0, 0, 0, 0, 0, 0, 0, 0, 0, 0

right_pupil, 1474133471723, 0, 0, 0, 0, 0, 0, 0, 0, 0, 0

right_pupil, 1474133471885, 0, 0, 0, 0, 0, 0, 0, 0, 0, 0

right_pupil, 1474133472135, 0, 0, 0, 0, 0, 0, 0, 0, 0, 0

right_pupil, 1474133472299, 0, 0, 0, 0, 0, 0, 0, 0, 0, 0

right_pupil, 1474133472446, 0, 0, 0, 0, 0, 0, 0, 0, 0, 0

right_pupil, 1474133472612, 0, 0, 0, 0, 0, 0, 0, 0, 0, 0

right_pupil, 1474133472767, 0, 0, 0, 0, 0, 0, 0, 0, 0, 0

right_pupil, 1474133472953, 0, 0, 0, 0, 0, 0, 0, 0, 0, 0

right_pupil, 1474133473098, 0, 0, 0, 0, 0, 0, 0, 0, 0, 0

right_pupil, 1474133473271, 0, 0, 0, 0, 0, 0, 0, 0, 0, 0

right_pupil, 1474133473437, 0, 0, 0, 0, 0, 0, 0, 0, 0, 0

right_pupil, 1474133473595, 0, 0, 0, 0, 0, 0, 0, 0, 0, 0

right_pupil, 1474133473763, 0, 0, 0, 0, 0, 0, 0, 0, 0, 0

right_pupil, 1474133473913, 0, 0, 0, 0, 0, 0, 0, 0, 0, 0

right_pupil, 1474133474088, 0, 0, 0, 0, 0, 0, 0, 0, 0, 0

right_pupil, 1474133474242, 0, 0, 0, 0, 0, 0, 0, 0, 0, 0

right_pupil, 1474133474434, 0, 0, 0, 0, 0, 0, 0, 0, 0, 0

right_pupil, 1474133474640, 0, 0, 0, 0, 0, 0, 0, 0, 0, 0

right_pupil, 1474133474817, 0, 0, 0, 0, 0, 0, 0, 0, 0, 0

right_pupil, 1474133475004, 0, 0, 0, 0, 0, 0, 0, 0, 0, 0

right_pupil, 1474133475193, 0, 0, 0, 0, 0, 0, 0, 0, 0, 0

right_pupil, 1474133475373, 0, 0, 0, 0, 0, 0, 0, 0, 0, 0

right_pupil, 1474133475572, 0, 0, 0, 0, 0, 0, 0, 0, 0, 0

right_pupil, 1474133475890, 0, 0, 0, 0, 0, 0, 0, 0, 0, 0

right_pupil, 1474133476065, 0, 0, 0, 0, 0, 0, 0, 0, 0, 0

right_pupil, 1474133476329, 0, 0, 0, 0, 0, 0, 0, 0, 0, 0

right_pupil, 1474133476458, 0, 0, 0, 0, 0, 0, 0, 0, 0, 0

right_pupil, 1474133476602, 0, 0, 0, 0, 0, 0, 0, 0, 0, 0

right_pupil, 1474133476782, 0, 0, 0, 0, 0, 0, 0, 0, 0, 0

right_pupil, 1474133476999, 0, 0, 0, 0, 0, 0, 0, 0, 0, 0

right_pupil, 1474133477232, 0, 0, 0, 0, 0, 0, 0, 0, 0, 0

right_pupil, 1474133477477, 0, 0, 0, 0, 0, 0, 0, 0, 0, 0

right_pupil, 1474133477710, 0, 0, 0, 0, 0, 0, 0, 0, 0, 0

right_pupil, 1474133477934, 0, 0, 0, 0, 0, 0, 0, 0, 0, 0

right_pupil, 1474133478170, 0, 0, 0, 0, 0, 0, 0, 0, 0, 0

right_pupil, 1474133478381, 0, 0, 0, 0, 0, 0, 0, 0, 0, 0

right_pupil, 1474133478599, 0, 0, 0, 0, 0, 0, 0, 0, 0, 0

right_pupil, 1474133478811, 0, 0, 0, 0, 0, 0, 0, 0, 0, 0

right_pupil, 1474133479016, 0, 0, 0, 0, 0, 0, 0, 0, 0, 0

right_pupil, 1474133479226, 0, 0, 0, 0, 0, 0, 0, 0, 0, 0

right_pupil, 1474133479436, 0, 0, 0, 0, 0, 0, 0, 0, 0, 0

right_pupil, 1474133479665, 0, 0, 0, 0, 0, 0, 0, 0, 0, 0

right_pupil, 1474133479925, 0, 0, 0, 0, 0, 0, 0, 0, 0, 0

right_pupil, 1474133480160, 0, 0, 0, 0, 0, 0, 0, 0, 0, 0

right_pupil, 1474133480378, 0, 0, 0, 0, 0, 0, 0, 0, 0, 0

right_pupil, 1474133480587, 0, 0, 0, 0, 0, 0, 0, 0, 0, 0

right_pupil, 1474133480816, 0, 0, 0, 0, 0, 0, 0, 0, 0, 0

right_pupil, 1474133481030, 0, 0, 0, 0, 0, 0, 0, 0, 0, 0

right_pupil, 1474133481314, 0, 0, 0, 0, 0, 0, 0, 0, 0, 0

right_pupil, 1474133481574, 0, 0, 0, 0, 0, 0, 0, 0, 0, 0

right_pupil, 1474133481692, 0, 0, 0, 0, 0, 0, 0, 0, 0, 0

right_pupil, 1474133481867, 0, 0, 0, 0, 0, 0, 0, 0, 0, 0

right_pupil, 1474133482020, 0, 0, 0, 0, 0, 0, 0, 0, 0, 0

right_pupil, 1474133482188, 0, 0, 0, 0, 0, 0, 0, 0, 0, 0

right_pupil, 1474133482361, 0, 0, 0, 0, 0, 0, 0, 0, 0, 0

right_pupil, 1474133482543, 0, 0, 0, 0, 0, 0, 0, 0, 0, 0

right_pupil, 1474133482735, 0, 0, 0, 0, 0, 0, 0, 0, 0, 0

right_pupil, 1474133482885, 0, 0, 0, 0, 0, 0, 0, 0, 0, 0

right_pupil, 1474133483069, 0, 0, 0, 0, 0, 0, 0, 0, 0, 0

right_pupil, 1474133483250, 0, 0, 0, 0, 0, 0, 0, 0, 0, 0

right_pupil, 1474133483451, 0, 0, 0, 0, 0, 0, 0, 0, 0, 0

right_pupil, 1474133483611, 0, 0, 0, 0, 0, 0, 0, 0, 0, 0

right_pupil, 1474133483806, 0, 0, 0, 0, 0, 0, 0, 0, 0, 0

right_pupil, 1474133484069, 0, 0, 0, 0, 0, 0, 0, 0, 0, 0

right_pupil, 1474133484217, 0, 0, 0, 0, 0, 0, 0, 0, 0, 0

right_pupil, 1474133484366, 0, 0, 0, 0, 0, 0, 0, 0, 0, 0

right_pupil, 1474133484536, 0, 0, 0, 0, 0, 0, 0, 0, 0, 0

right_pupil, 1474133484751, 0, 0, 0, 0, 0, 0, 0, 0, 0, 0

right_pupil, 1474133484925, 0, 0, 0, 0, 0, 0, 0, 0, 0, 0

right_pupil, 1474133485102, 0, 0, 0, 0, 0, 0, 0, 0, 0, 0

right_pupil, 1474133485261, 0, 0, 0, 0, 0, 0, 0, 0, 0, 0

right_pupil, 1474133485445, 0, 0, 0, 0, 0, 0, 0, 0, 0, 0

right_pupil, 1474133485595, 0, 0, 0, 0, 0, 0, 0, 0, 0, 0

right_pupil, 1474133485800, 0, 0, 0, 0, 0, 0, 0, 0, 0, 0

right_pupil, 1474133485963, 0, 0, 0, 0, 0, 0, 0, 0, 0, 0

right_pupil, 1474133486139, 0, 0, 0, 0, 0, 0, 0, 0, 0, 0

right_pupil, 1474133486427, 0, 0, 0, 0, 0, 0, 0, 0, 0, 0

